hash,trainable_parameters,training_time,train_accuracy,validation_accuracy,test_accuracy
-6745186299514650610,12945034,2096.43212890625,1.0,0.9330929517745972,0.9336938858032227
5291478880506483339,12508170,1926.89306640625,0.9998998641967773,0.9124599099159241,0.9097555875778198
6370426555115140441,5755750,1578.0250244140625,1.0,0.9364984035491943,0.9341946840286255
2264949971144896577,49105546,5186.3310546875,1.0,0.9404046535491943,0.9346955418586731
1439526687760119592,13381898,2241.419921875,1.0,0.936598539352417,0.9371995329856873
-5321360045564194649,5755750,1576.0799560546875,1.0,0.9301882982254028,0.9306890964508057
2755572629583457324,5772533,1577.27294921875,1.0,0.9310897588729858,0.9244791865348816
-5912739724796277215,12071306,1819.594970703125,0.9991987347602844,0.9005408883094788,0.8877203464508057
-877685307981158627,13381898,3024.15283203125,1.0,0.9346955418586731,0.9253805875778198
2118341007757145162,13381898,3065.22998046875,1.0,0.9393028616905212,0.9331930875778198
4974960885116410902,12071306,1807.3779296875,1.0,0.9301882982254028,0.9254807829856873
5200398094838617079,6058850,1727.93798828125,1.0,0.9318910241127014,0.9306890964508057
1797518475331950487,6034146,1738.8280029296875,1.0,0.940504789352417,0.9361979365348816
-698505032294093396,5767264,1542.4830322265625,1.0,0.9313902258872986,0.9273838400840759
1791147342525282083,12508170,1932.9830322265625,1.0,0.9262820482254028,0.9233773946762085
1546243254247873893,12508170,1952.9169921875,1.0,0.9225761294364929,0.9184695482254028
7907942944527072049,12508170,1969.445068359375,1.0,0.921875,0.9166666865348816
3203412914075703899,48231818,4875.16015625,0.9994992017745972,0.9113581776618958,0.9039463400840759
-5304384584389410926,12945034,2105.41796875,1.0,0.9385015964508057,0.9346955418586731
1732240821620913148,5742560,1554.5889892578125,1.0,0.9331930875778198,0.9297876358032227
-8087459336049647502,12508170,1944.7960205078125,1.0,0.9297876358032227,0.9241786599159241
4867716739858223887,13381898,3068.5009765625,0.9998998641967773,0.9362980723381042,0.9309895634651184
7740622480724144907,12945034,2102.669921875,1.0,0.9371995329856873,0.9322916865348816
1144528069132527310,5755750,1577.7640380859375,1.0,0.9285857081413269,0.9311898946762085
-5703929439677527158,12508170,1943.343994140625,1.0,0.9345953464508057,0.9303886294364929
845700586771400330,12508170,1940.5059814453125,1.0,0.9242788553237915,0.9127604365348816
-1361337820976141066,12945034,2097.3798828125,1.0,0.9308894276618958,0.9247796535491943
4233208982401975784,3355466,1049.676025390625,0.9998998641967773,0.930588960647583,0.9276843070983887
-4688664818439842857,12508170,1956.6419677734375,1.0,0.9223757982254028,0.9217748641967773
-3661963586440814618,5475678,1414.30908203125,0.9998998641967773,0.9186698794364929,0.917067289352417
-2389886863467542019,48231818,4964.6279296875,1.0,0.9183694124221802,0.9205729365348816
-8737818112409620917,12071306,1788.81396484375,0.9985977411270142,0.8962339758872986,0.8889222741127014
-9094091347463187090,6058850,1692.14697265625,1.0,0.9333934187889099,0.9283854365348816
3294736509984275379,49105546,5284.7392578125,1.0,0.9140625,0.9069511294364929
354855394452202893,12071306,1862.1180419921875,0.9995993375778198,0.9077523946762085,0.9017428159713745
-1535382846684882823,12071306,1828.406005859375,0.9967948794364929,0.8777043223381042,0.8767027258872986
-1330029634586498376,47358090,4927.06201171875,0.9997996687889099,0.8991386294364929,0.8881210088729858
-8008737143352488372,12945034,2112.364013671875,1.0,0.9322916865348816,0.9229767918586731
5389480182469333283,12071306,1780.8489990234375,0.9989984035491943,0.8926281929016113,0.8863180875778198
-581549682861271014,3355466,1042.89306640625,1.0,0.9267828464508057,0.9244791865348816
3099783943759385583,12508170,1971.030029296875,1.0,0.9195713400840759,0.9162660241127014
738423758372420335,6034146,1719.569091796875,1.0,0.9435096383094788,0.938401460647583
5586450361564636566,12071306,1819.3280029296875,0.9997996687889099,0.9006410241127014,0.8938301205635071
6198590716339219377,13381898,3069.2939453125,1.0,0.9400039911270142,0.9380007982254028
-2987047575472997516,48231818,5084.958984375,0.9998998641967773,0.8997395634651184,0.8952323794364929
-593436193288702285,12945034,2120.449951171875,1.0,0.9409054517745972,0.9378004670143127
7838424145834176228,6034146,1740.9320068359375,1.0,0.9397035241127014,0.9361979365348816
3006024019423463620,48231818,4979.0927734375,0.9997996687889099,0.9033453464508057,0.8919270634651184
-533552444828866569,49105546,5216.1181640625,1.0,0.911057710647583,0.9009414911270142
-4946625442874264356,3792330,1291.132080078125,1.0,0.9445112347602844,0.9342948794364929
5795819573979280789,12071306,1825.407958984375,0.9998998641967773,0.9126602411270142,0.9094551205635071
-4404405283087014825,12508170,1964.4150390625,1.0,0.9324919581413269,0.9304887652397156
6023750521431439788,49105546,5140.01904296875,1.0,0.9452123641967773,0.9370993375778198
-615245187420541823,5468787,1432.23095703125,1.0,0.9238781929016113,0.9219751358032227
7045510554881240185,13381898,2239.94189453125,1.0,0.9454126358032227,0.9406049847602844
9142096113480584153,5468787,1413.7919921875,1.0,0.9190705418586731,0.9108573794364929
-2886352155121151656,12945034,2123.39404296875,1.0,0.9360977411270142,0.9358974099159241
-3764307381986813039,6047336,1739.56005859375,1.0,0.9380007982254028,0.9328926205635071
-8367101898679688993,12508170,1958.468994140625,1.0,0.9301882982254028,0.9284855723381042
-5458656466908711854,49105546,5262.306640625,1.0,0.9253805875778198,0.9225761294364929
1297862833743101658,12508170,1989.7529296875,1.0,0.9293870329856873,0.9290865659713745
-5039574252466323977,5468787,1439.383056640625,0.9998998641967773,0.918870210647583,0.9166666865348816
-6739817357432687263,3355466,1052.616943359375,1.0,0.9258813858032227,0.9226762652397156
-8583221150458206895,12071306,1815.176025390625,0.9998998641967773,0.9265825152397156,0.9268830418586731
-4475011056406211774,3573898,1167.575927734375,1.0,0.9350961446762085,0.9315905570983887
1219615292998503052,12071306,1835.31689453125,1.0,0.9177684187889099,0.9083533883094788
553119021456530945,47358090,4739.85693359375,0.9994992017745972,0.9017428159713745,0.891526460647583
1654084973053023636,6629478,2852.675048828125,1.0,0.9388020634651184,0.9317908883094788
-8126443019362652727,12508170,1970.501953125,1.0,0.9256811141967773,0.9238781929016113
866165530598049921,5475678,1417.4110107421875,0.9993990659713745,0.9069511294364929,0.8990384340286255
6758777133248031988,13381898,3059.703125,1.0,0.9409054517745972,0.9360977411270142
6432578707144186555,6048607,1733.89697265625,1.0,0.9358974099159241,0.9310897588729858
-7300349550280081543,12508170,1955.593994140625,0.9998998641967773,0.9189703464508057,0.9165664911270142
-8482412231858678223,5767264,1556.9510498046875,1.0,0.9323918223381042,0.9267828464508057
5940202131726359833,12945034,2107.4140625,1.0,0.9441105723381042,0.9388020634651184
-4144272856281973059,6045660,1727.988037109375,1.0,0.9388020634651184,0.9345953464508057
3408108727716114789,5758697,1571.029052734375,1.0,0.9297876358032227,0.9251803159713745
5171329682469970694,5754074,1561.260986328125,1.0,0.9293870329856873,0.9236778616905212
1165270235178960330,12945034,2942.510009765625,1.0,0.9396033883094788,0.9301882982254028
-5666350528640337937,12071306,1831.221923828125,0.9996995329856873,0.9047476053237915,0.9003405570983887
-1643556053419950616,5758697,1574.06494140625,1.0,0.9319911599159241,0.9252804517745972
1841662455179342281,6050929,1723.3380126953125,1.0,0.9382011294364929,0.9356971383094788
-8564548938103974066,12945034,2093.962890625,1.0,0.93359375,0.9262820482254028
-1942250598073543791,48231818,4991.787109375,1.0,0.9260817170143127,0.9194711446762085
-8144176594878589904,12508170,1969.5670166015625,1.0,0.9317908883094788,0.9274839758872986
-5584772872514006133,12508170,1931.14599609375,1.0,0.9286859035491943,0.9234775900840759
9012655072917077047,6324056,1874.757080078125,1.0,0.9408053159713745,0.9370993375778198
-2900165690480531529,48231818,5120.77001953125,1.0,0.9087539911270142,0.9039463400840759
-5466896578312043671,12508170,1958.697021484375,1.0,0.9327924847602844,0.9289863705635071
-1131335289224756450,49105546,5210.47119140625,0.9997996687889099,0.9082531929016113,0.8990384340286255
-2613127457158504876,12508170,1920.9208984375,1.0,0.9319911599159241,0.9325921535491943
-2094404129009698443,48231818,4944.8857421875,0.9998998641967773,0.9040464758872986,0.8918269276618958
6346621242882572675,13818762,3251.656005859375,1.0,0.9409054517745972,0.934495210647583
-268678741684876926,48231818,4871.673828125,0.9998998641967773,0.9202724099159241,0.9167668223381042
22669413682604439,49979274,5382.77099609375,1.0,0.9371995329856873,0.9360977411270142
7553792080497078496,12508170,1934.653076171875,1.0,0.9288862347602844,0.9198718070983887
-4813527362466566471,13381898,2234.512939453125,1.0,0.94140625,0.9376001358032227
5590253405039241176,12945034,2099.4921875,1.0,0.9234775900840759,0.9203726053237915
2422141821175738956,12071306,1829.41796875,1.0,0.9172676205635071,0.9083533883094788
-8470259039552009597,13381898,3066.758056640625,1.0,0.9457131624221802,0.9380007982254028
-4298672424036422645,6616288,2853.64697265625,1.0,0.9367988705635071,0.9358974099159241
5072546336984273739,49105546,5209.69482421875,1.0,0.932692289352417,0.9309895634651184
2195351241470961273,13818762,3245.02685546875,1.0,0.9418069124221802,0.9381009340286255
-3947733338994973802,48231818,5019.30078125,1.0,0.9211738705635071,0.9163661599159241
712255999631743128,13381898,3065.787109375,1.0,0.9389022588729858,0.9321914911270142
3907756298497280738,6045660,1696.507080078125,1.0,0.9433093070983887,0.9360977411270142
-5812168589174554200,48231818,4924.7783203125,1.0,0.9029446840286255,0.90234375
-2759618169094167486,49979274,5409.4912109375,1.0,0.9424078464508057,0.9349960088729858
3798482509680676126,12508170,1964.47900390625,1.0,0.9343950152397156,0.9279847741127014
4353362311380952044,13818762,3249.716064453125,1.0,0.9404046535491943,0.9361979365348816
6576808917197207559,5468787,1405.26708984375,1.0,0.9210737347602844,0.9148637652397156
-5027851462713666545,12071306,1802.384033203125,0.9998998641967773,0.9140625,0.9070512652397156
-782402596434240889,5758697,1546.819091796875,0.9998998641967773,0.9214743375778198,0.9197716116905212
7512898294422682129,12508170,1950.14697265625,0.9998998641967773,0.9113581776618958,0.909254789352417
-8191662932965131425,3573898,1162.305908203125,1.0,0.9389022588729858,0.9352964758872986
2025950544071644050,12945034,2895.864990234375,1.0,0.9419070482254028,0.9338942170143127
-797144349055919916,49979274,5467.6669921875,1.0,0.9440104365348816,0.9385015964508057
-3383909713929083993,13381898,3077.02099609375,1.0,0.9412059187889099,0.9377003312110901
-8678997796621340431,49979274,5334.2255859375,1.0,0.94140625,0.9347956776618958
-1253205852092525205,12508170,1929.281982421875,1.0,0.9318910241127014,0.9299879670143127
-7026322021544668942,13381898,3083.18310546875,1.0,0.9408053159713745,0.9355969429016113
4372742323046904563,6358652,2695.367919921875,1.0,0.9359976053237915,0.9277844429016113
4010124630181770824,5742560,1569.679931640625,1.0,0.9316906929016113,0.9308894276618958
8679226211149052042,13381898,3074.71923828125,1.0,0.9434094429016113,0.9369992017745972
-3468434217964613471,48231818,5079.6650390625,0.9998998641967773,0.9120593070983887,0.9084535241127014
2160585145023513363,13381898,2244.79296875,1.0,0.9458132982254028,0.9393028616905212
8378751761516668728,6919388,3014.5908203125,1.0,0.9289863705635071,0.9247796535491943
1673891056485982531,13818762,3243.77099609375,1.0,0.9367988705635071,0.9312900900840759
1899121240811223072,5758697,1579.31005859375,1.0,0.9216746687889099,0.9199719429016113
4984869074988930651,47358090,4864.244140625,0.9996995329856873,0.8912259340286255,0.8836137652397156
-7797629270456901568,12508170,1960.9940185546875,1.0,0.9267828464508057,0.9241786599159241
6212106041190045975,12508170,1967.967041015625,1.0,0.9370993375778198,0.9338942170143127
258783263782458736,12508170,1962.591064453125,0.9995993375778198,0.9001402258872986,0.8959335088729858
3045409702467109521,12945034,2078.794921875,0.9998998641967773,0.9321914911270142,0.9334936141967773
-4376681892890339821,3137034,924.4609985351562,0.9989984035491943,0.9036458134651184,0.8951321840286255
-3073064006260414798,13381898,3066.5068359375,1.0,0.94140625,0.9342948794364929
3078978572114030568,48231818,4941.1171875,0.9997996687889099,0.90234375,0.8983373641967773
-6990948139245916606,49105546,5139.2138671875,1.0,0.9403044581413269,0.9351963400840759
-985911341528398669,49979274,5468.43359375,1.0,0.9395031929016113,0.9363982081413269
6331684255619796324,47358090,4833.49609375,1.0,0.9120593070983887,0.9096554517745972
2454949837830405589,6629478,2858.81494140625,1.0,0.9426081776618958,0.9340945482254028
98969952125131943,49979274,5337.94287109375,1.0,0.9385015964508057,0.9310897588729858
2899405214767099574,49979274,5384.7109375,1.0,0.9340945482254028,0.9318910241127014
-8268718584765817689,12945034,2106.755859375,1.0,0.9362980723381042,0.9315905570983887
550581929305892424,6050929,1715.5150146484375,1.0,0.9357972741127014,0.9315905570983887
1209388665861657617,48231818,4996.7421875,0.9991987347602844,0.899338960647583,0.8955328464508057
-6116203323292464822,12508170,1975.012939453125,1.0,0.9275841116905212,0.9229767918586731
-4525536898529887658,12508170,1963.8089599609375,1.0,0.9351963400840759,0.9323918223381042
-3185133615540102052,12945034,2102.796875,1.0,0.9434094429016113,0.9368990659713745
8609442015852384115,49105546,5186.9013671875,1.0,0.9359976053237915,0.9312900900840759
2549329706501829845,47358090,4710.859375,0.9992988705635071,0.8962339758872986,0.8913261294364929
1504841650029479024,12508170,1967.612060546875,1.0,0.9309895634651184,0.9293870329856873
-611424664388950817,6045660,1715.157958984375,1.0,0.9390023946762085,0.9345953464508057
-4144272897229300369,12508170,1942.8919677734375,1.0,0.9345953464508057,0.932692289352417
4118284121572082626,5742560,1559.25390625,1.0,0.9318910241127014,0.9327924847602844
2112261325829885638,48231818,4951.27490234375,1.0,0.9229767918586731,0.9186698794364929
7764723087890380452,47358090,4742.697265625,0.9938902258872986,0.8654847741127014,0.8612780570983887
-8987954408074616325,12508170,1935.9110107421875,1.0,0.9290865659713745,0.9262820482254028
7709002204400271110,13381898,2244.031005859375,1.0,0.9431089758872986,0.9358974099159241
-196304906135169078,49979274,5323.4755859375,1.0,0.9433093070983887,0.9380007982254028
-6104406406022197916,49105546,5185.2998046875,1.0,0.9159655570983887,0.913161039352417
-4405448320423770101,3137034,923.407958984375,0.9998998641967773,0.9242788553237915,0.9142628312110901
-2220910362594402708,12071306,1818.06396484375,1.0,0.932692289352417,0.9296875
5313392742863694717,49105546,5126.0244140625,1.0,0.9284855723381042,0.9219751358032227
-2617888509777535182,49105546,5298.09814453125,1.0,0.9247796535491943,0.9221754670143127
-551507094003227739,12508170,1952.010986328125,0.9998998641967773,0.9213742017745972,0.9146634340286255
8640075046119712535,48231818,5039.0859375,0.9959936141967773,0.8733974099159241,0.8684895634651184
1826545356938362787,12508170,1974.678955078125,1.0,0.9288862347602844,0.9267828464508057
6959928525846847712,5464164,1400.3179931640625,1.0,0.9146634340286255,0.9029446840286255
5866946014515160098,5468787,1425.751953125,0.9998998641967773,0.9225761294364929,0.9200721383094788
5540040552675249455,6045660,1716.9530029296875,1.0,0.9340945482254028,0.9329928159713745
-9002852206708797110,49105546,5186.75,1.0,0.9318910241127014,0.9290865659713745
5797742840788994161,5767264,1580.47705078125,1.0,0.9308894276618958,0.9298878312110901
1952634175700708599,13818762,3249.010986328125,1.0,0.9443109035491943,0.9383012652397156
2331012548475409784,49979274,5383.5234375,1.0,0.9198718070983887,0.9153645634651184
-484943074444458911,49105546,5181.13916015625,1.0,0.9422075152397156,0.9361979365348816
4449020284489052664,13381898,3066.194091796875,1.0,0.9420071840286255,0.9316906929016113
4992279393329633842,48231818,5068.51708984375,0.9998998641967773,0.9198718070983887,0.9154647588729858
-1738228402964857492,48231818,5073.09375,1.0,0.9080528616905212,0.897536039352417
3143834995489713085,47358090,4916.22900390625,0.9995993375778198,0.9018429517745972,0.8994390964508057
6128337904773005169,12508170,1912.8699951171875,1.0,0.9273838400840759,0.9240785241127014
95858980268644001,49105546,5290.994140625,1.0,0.9269831776618958,0.9178686141967773
-8432599353171868137,13381898,3070.8828125,1.0,0.9377003312110901,0.9328926205635071
-8895110011725060589,12508170,1979.0570068359375,0.9998998641967773,0.9247796535491943,0.920973539352417
1323825757174219294,12508170,1963.1279296875,1.0,0.9275841116905212,0.9242788553237915
7752295564017791125,5771887,1593.166015625,1.0,0.9331930875778198,0.9253805875778198
-8844646373457548583,48231818,5065.908203125,1.0,0.9346955418586731,0.9317908883094788
6797678507388724773,5468787,1418.89208984375,0.9996995329856873,0.9004406929016113,0.8962339758872986
-9104898287637738509,12508170,1958.39306640625,0.9998998641967773,0.9235777258872986,0.9196714758872986
8065233529318135952,12508170,1965.47705078125,1.0,0.9220753312110901,0.9204727411270142
-8375723654122667195,12945034,2096.47998046875,0.9998998641967773,0.9235777258872986,0.9211738705635071
-689773028134830157,13381898,3022.344970703125,1.0,0.9401041865348816,0.9299879670143127
825826480809737560,12508170,1988.635986328125,0.9992988705635071,0.8965344429016113,0.8907251358032227
-4433383214380555152,49979274,5337.60498046875,1.0,0.9416065812110901,0.9347956776618958
3788658608566786729,5452650,1407.06494140625,1.0,0.9240785241127014,0.918870210647583
-3029919931200095136,12071306,1793.386962890625,1.0,0.9201722741127014,0.9123597741127014
-4405886791464322043,5755750,1563.8900146484375,1.0,0.9331930875778198,0.9329928159713745
-9201907301008209408,6342515,2686.69384765625,1.0,0.9324919581413269,0.9276843070983887
2293563382372284473,5468787,1404.10888671875,0.9995993375778198,0.9113581776618958,0.9024438858032227
8147766140546851196,12508170,1962.833984375,1.0,0.9371995329856873,0.9351963400840759
8074678792047235970,13818762,3242.06005859375,1.0,0.9391025900840759,0.9355969429016113
1423969798594803289,3573898,1169.094970703125,1.0,0.9406049847602844,0.9346955418586731
-6010972097916925818,13381898,3062.216064453125,1.0,0.9412059187889099,0.9345953464508057
9161314795780964790,12945034,2109.5361328125,1.0,0.9291867017745972,0.9281851053237915
1800078572285247812,12508170,1942.4119873046875,1.0,0.9363982081413269,0.9283854365348816
8864896551483855870,6632425,2844.40283203125,1.0,0.9403044581413269,0.9348958134651184
-4340191165017601700,6342515,2692.90576171875,1.0,0.9358974099159241,0.9299879670143127
-3511974717689503760,5464164,1412.133056640625,1.0,0.9259815812110901,0.9235777258872986
-2558018887368766746,12071306,1801.298095703125,0.9997996687889099,0.9124599099159241,0.9059495329856873
6772171463500721067,5774834,1561.2939453125,0.9992988705635071,0.9103565812110901,0.9029446840286255
2039492609702230917,5777156,1566.388916015625,1.0,0.9142628312110901,0.9076522588729858
-92244673897177707,12508170,1972.992919921875,1.0,0.9322916865348816,0.932692289352417
2044542888999704537,49979274,5349.34765625,1.0,0.9386017918586731,0.9341946840286255
3202866658912295129,49105546,5334.041015625,1.0,0.9285857081413269,0.9237780570983887
-7373393036516502767,5767264,1570.2869873046875,1.0,0.92578125,0.924879789352417
-3538086772416300896,12508170,1971.447021484375,0.9978966116905212,0.8928285241127014,0.8857171535491943
-2918329372387303635,5758697,1576.429931640625,1.0,0.9258813858032227,0.9268830418586731
4893170303770484997,12508170,1991.76904296875,1.0,0.9385015964508057,0.9337940812110901
7584639211618164019,12508170,1986.220947265625,0.9998998641967773,0.9271835088729858,0.9196714758872986
-2230165731765057997,12945034,2074.373046875,1.0,0.9343950152397156,0.9342948794364929
-1714599550698830729,12071306,1803.8590087890625,1.0,0.9307892918586731,0.9252804517745972
3065620581296551919,12508170,1941.9530029296875,1.0,0.9325921535491943,0.9320913553237915
-4833469305855022678,12071306,1814.967041015625,0.9998998641967773,0.8951321840286255,0.8905248641967773
5920463181608862229,5760373,1578.41796875,0.9998998641967773,0.9285857081413269,0.9252804517745972
1079743419085663888,5771887,1575.02001953125,0.9998998641967773,0.9225761294364929,0.9230769276618958
-5006755852572978706,5484924,1404.118896484375,0.9953926205635071,0.8875200152397156,0.8810096383094788
-955257020952872654,12071306,1824.925048828125,0.9994992017745972,0.903245210647583,0.8939303159713745
7803082022289929234,12071306,1818.1290283203125,1.0,0.9088541865348816,0.9039463400840759
-8965379339702470734,12945034,2089.19580078125,1.0,0.9334936141967773,0.9324919581413269
4122085016697274227,12945034,2098.89404296875,1.0,0.9386017918586731,0.9356971383094788
4981142332838694413,12945034,2106.341796875,1.0,0.9385015964508057,0.9388020634651184
-6115666509135892142,12945034,2081.0048828125,1.0,0.9295873641967773,0.9256811141967773
1001333605907057853,12508170,1945.64794921875,1.0,0.9381009340286255,0.9347956776618958
-7526792566042429477,48231818,4904.43896484375,0.9945913553237915,0.8770031929016113,0.8671875
401454112101579353,12945034,2075.7431640625,1.0,0.9387019276618958,0.9359976053237915
2429529026574263048,5484924,1404.902099609375,0.9954928159713745,0.8865184187889099,0.8792067170143127
-5920145751167895078,12071306,1814.240966796875,1.0,0.9115585088729858,0.9054487347602844
4168369527524734602,5755750,1577.597900390625,1.0,0.9303886294364929,0.9208734035491943
7123580710558528356,49105546,5282.0107421875,1.0,0.920973539352417,0.9175680875778198
8654501763061323221,12071306,1836.0869140625,1.0,0.9273838400840759,0.9210737347602844
-4787340296910093887,6034146,1717.06494140625,1.0,0.9348958134651184,0.9359976053237915
-7220351926767197804,12945034,2095.384033203125,1.0,0.9385015964508057,0.932692289352417
-3990968910335988531,6047336,1742.1190185546875,1.0,0.9325921535491943,0.9316906929016113
-2818630885867167146,49979274,5342.5439453125,1.0,0.9445112347602844,0.9380007982254028
-8239643915932359838,12945034,2108.3681640625,1.0,0.9412059187889099,0.9372996687889099
9094782429918868860,47358090,4723.5859375,0.9996995329856873,0.9031450152397156,0.8911257982254028
-7143310290325766193,6337246,1877.02197265625,1.0,0.9413061141967773,0.9364984035491943
-2800345863301359415,5754074,1547.208984375,1.0,0.9342948794364929,0.930588960647583
-3422675697501612883,12071306,1824.97607421875,1.0,0.9154647588729858,0.9127604365348816
-8682044795986048308,5755750,1569.56103515625,1.0,0.9325921535491943,0.9285857081413269
3258476683268571584,6640992,2869.71484375,1.0,0.9407051205635071,0.9356971383094788
4764748098125336181,48231818,5065.794921875,1.0,0.9404046535491943,0.9391025900840759
7643561780786526857,5475678,1418.248046875,0.9995993375778198,0.9036458134651184,0.8967347741127014
-7712894230757576218,13381898,3068.84912109375,1.0,0.942307710647583,0.9349960088729858
-2525873933483783893,48231818,4956.41796875,0.9998998641967773,0.911057710647583,0.9022436141967773
4127959284645770796,12945034,2110.2431640625,1.0,0.9399038553237915,0.9368990659713745
-2813760108960820093,12945034,2090.863037109375,0.9998998641967773,0.9226762652397156,0.9184695482254028
8624706014221500532,12945034,2118.81201171875,1.0,0.9397035241127014,0.9388020634651184
3395224073673159690,49105546,5255.84912109375,1.0,0.938401460647583,0.93359375
6613982816400253148,12945034,2098.208984375,1.0,0.9391025900840759,0.9352964758872986
6993491073595618021,12508170,1980.448974609375,1.0,0.9201722741127014,0.9155648946762085
-1285838812637594753,48231818,5019.65576171875,0.9995993375778198,0.9039463400840759,0.8979367017745972
7509902074537933391,49105546,5221.9638671875,0.9997996687889099,0.9064503312110901,0.8970352411270142
2117195815599439367,6045660,1716.1510009765625,1.0,0.9363982081413269,0.9339944124221802
-5790676421121719433,48231818,5073.67578125,1.0,0.9424078464508057,0.9338942170143127
-1475499733340889505,6324056,1874.6600341796875,1.0,0.9431089758872986,0.9376001358032227
4345235991790676929,49105546,5333.47900390625,1.0,0.9204727411270142,0.9169671535491943
-2645534214054303578,5744236,1573.2939453125,1.0,0.9373998641967773,0.9333934187889099
-6625490971659477902,13818762,3246.09619140625,1.0,0.9394030570983887,0.9369992017745972
6991706901498076351,6324056,1872.29296875,1.0,0.9418069124221802,0.94140625
3072528608437363035,12945034,2090.3681640625,1.0,0.9306890964508057,0.9281851053237915
-1849247537498709643,48231818,4914.40087890625,0.9996995329856873,0.89453125,0.8851161599159241
-4733896202921358903,6057174,1717.180908203125,1.0,0.9348958134651184,0.9302884340286255
-4065953376252344847,12508170,1962.1630859375,0.999098539352417,0.9066506624221802,0.901442289352417
1363944779563427292,49105546,5113.2177734375,1.0,0.9292868375778198,0.9285857081413269
-2207459444956609728,12508170,1955.47705078125,1.0,0.9178686141967773,0.9156650900840759
-3153532588031899004,6034146,1718.2890625,1.0,0.9370993375778198,0.9285857081413269
-8715258993311714030,12508170,1942.0849609375,1.0,0.9272836446762085,0.9249799847602844
6533672760622547406,13381898,2256.4541015625,1.0,0.9356971383094788,0.9339944124221802
-6794227034533329131,12071306,1811.4339599609375,0.9957932829856873,0.8899238705635071,0.8824118375778198
-3419750202476450548,13381898,3072.91015625,1.0,0.9295873641967773,0.9250801205635071
-1159542732709595228,48231818,5033.275390625,1.0,0.9215745329856873,0.9175680875778198
-6146113541208843440,3355466,1057.137939453125,1.0,0.9320913553237915,0.9324919581413269
6047986447832222769,12508170,1950.552001953125,1.0,0.9348958134651184,0.9355969429016113
7085804807128502135,3355466,1053.8900146484375,1.0,0.9278846383094788,0.9224759340286255
5894630475597184195,12508170,1973.424072265625,1.0,0.9200721383094788,0.9183694124221802
-6326718166922642094,13381898,2244.47998046875,1.0,0.9391025900840759,0.9349960088729858
-3209571025133887410,12945034,2100.97607421875,1.0,0.9200721383094788,0.9133613705635071
-4632524050468116710,5452650,1394.8330078125,1.0,0.9292868375778198,0.9233773946762085
-5419602593044347766,5755750,1581.5369873046875,1.0,0.9311898946762085,0.9280849099159241
-6593884497958000145,5755750,1557.85791015625,1.0,0.9312900900840759,0.9323918223381042
-7535488284552180745,5744236,1594.0379638671875,1.0,0.9381009340286255,0.9356971383094788
6369644389472627189,48231818,5079.73291015625,0.9996995329856873,0.8966346383094788,0.8862179517745972
4066194141532673024,47358090,4658.64892578125,0.9998998641967773,0.9083533883094788,0.9012419581413269
6447747955002241292,5484924,1428.64501953125,0.999098539352417,0.9102563858032227,0.9041466116905212
-4064027062249610498,12945034,2077.76513671875,1.0,0.9407051205635071,0.9366987347602844
6814307514508469976,6032470,1707.549072265625,1.0,0.9373998641967773,0.9327924847602844
-246629037288270506,48231818,5073.13916015625,0.9998998641967773,0.9078525900840759,0.9044471383094788
6411714439122787193,48231818,4893.673828125,1.0,0.9360977411270142,0.9353966116905212
2136718334060877677,12071306,1790.080078125,1.0,0.9125601053237915,0.9138621687889099
5635404849623340962,12071306,1773.9959716796875,0.9987980723381042,0.8934294581413269,0.8885216116905212
6129185296137930439,12945034,2075.18994140625,1.0,0.9332932829856873,0.9329928159713745
4139639942550785402,49105546,5164.6533203125,1.0,0.9140625,0.9034455418586731
371331224028411551,49979274,5508.20703125,1.0,0.9332932829856873,0.9320913553237915
7453680681424242555,3137034,925.051025390625,0.9995993375778198,0.9018429517745972,0.8960336446762085
-2874571377119301129,12508170,1942.52490234375,1.0,0.9306890964508057,0.9291867017745972
5724196446257676885,12945034,2073.56787109375,1.0,0.9312900900840759,0.9280849099159241
-2817272437486016489,5742560,1548.2550048828125,1.0,0.9338942170143127,0.9299879670143127
-7182717233150167648,49105546,5143.20703125,1.0,0.9402043223381042,0.9343950152397156
-1425227507947374738,49105546,5305.2578125,1.0,0.9238781929016113,0.9234775900840759
3887748519997875168,5475678,1401.9169921875,0.9996995329856873,0.9167668223381042,0.9118589758872986
192737478432862386,12071306,1818.31396484375,0.9998998641967773,0.9098557829856873,0.8965344429016113
2497202783566875925,5770211,1572.5989990234375,1.0,0.9339944124221802,0.9273838400840759
-6076515281567968253,3573898,1177.485107421875,1.0,0.9386017918586731,0.9347956776618958
-2020814412000594085,13381898,3070.529052734375,1.0,0.9370993375778198,0.9328926205635071
1815532853134680806,13818762,3239.782958984375,1.0,0.9388020634651184,0.9345953464508057
-4434860010477545379,12945034,2125.10400390625,1.0,0.9284855723381042,0.9294871687889099
6567311141571525496,48231818,5032.150390625,1.0,0.9208734035491943,0.9128605723381042
-3760466508301812202,5758697,1559.071044921875,1.0,0.9208734035491943,0.9192708134651184
-3707068550999975928,48231818,5054.60107421875,1.0,0.9380007982254028,0.9331930875778198
-1661914204582851732,6617964,2864.85205078125,1.0,0.9379006624221802,0.9294871687889099
8894592738350271959,12945034,2111.6728515625,1.0,0.9331930875778198,0.9339944124221802
-1485620330030325596,12508170,1943.6500244140625,1.0,0.9259815812110901,0.9261819124221802
943011818507508155,5767264,1578.6240234375,1.0,0.9262820482254028,0.9270833134651184
3724293613454633335,47358090,4926.10302734375,0.9998998641967773,0.8965344429016113,0.8941305875778198
-6746615368555950574,5760373,1582.72900390625,1.0,0.9311898946762085,0.9250801205635071
6399725567810003003,12945034,2092.72412109375,1.0,0.9284855723381042,0.9237780570983887
-3518267377889796802,48231818,4999.4775390625,1.0,0.9219751358032227,0.9193710088729858
5740399290313168201,3355466,1043.4189453125,1.0,0.9315905570983887,0.92578125
356796493594167545,48231818,5013.158203125,0.9995993375778198,0.9001402258872986,0.8920272588729858
7430867668409691412,6045660,1727.5419921875,1.0,0.9382011294364929,0.9330929517745972
-4514890938853349257,6048607,1715.846923828125,1.0,0.9340945482254028,0.9331930875778198
8862407367938582338,5468787,1424.990966796875,0.9998998641967773,0.9168669581413269,0.9148637652397156
4749560725294830495,5464164,1431.197998046875,1.0,0.9270833134651184,0.9228765964508057
3502092596261843718,49979274,5336.14892578125,1.0,0.9458132982254028,0.9409054517745972
3117322821279200956,49105546,5247.56103515625,1.0,0.9278846383094788,0.9243789911270142
8066933085339902130,12071306,1821.18896484375,1.0,0.9194711446762085,0.9157652258872986
-7985690449328535110,49979274,5517.634765625,1.0,0.9359976053237915,0.9324919581413269
-3533270843235958665,3355466,1061.4530029296875,1.0,0.9290865659713745,0.9241786599159241
-8822612327698414167,5755750,1571.373046875,1.0,0.9319911599159241,0.9280849099159241
8555001527746294037,12508170,1969.81005859375,1.0,0.9333934187889099,0.9336938858032227
-4864259921583292034,12945034,2099.7080078125,1.0,0.9364984035491943,0.9348958134651184
-1898860724605693495,12508170,1913.199951171875,1.0,0.9338942170143127,0.9306890964508057
-3837332551478604134,6058850,1728.3330078125,1.0,0.9371995329856873,0.9317908883094788
-2913852765653075565,6907874,3026.531982421875,1.0,0.9389022588729858,0.9346955418586731
3354452439927793620,5761019,1583.60107421875,1.0,0.9309895634651184,0.9275841116905212
-1701374947834230279,12508170,1969.7969970703125,1.0,0.9316906929016113,0.9291867017745972
5286416102071246085,12508170,1951.655029296875,1.0,0.9294871687889099,0.9254807829856873
5810812865704175994,12071306,1796.4580078125,0.9981971383094788,0.8896234035491943,0.8850160241127014
-4700627065707759450,5468787,1411.054931640625,1.0,0.9093549847602844,0.8986378312110901
7493432000649210319,48231818,4906.3759765625,1.0,0.9333934187889099,0.9289863705635071
7487570766519225372,13381898,3067.14404296875,1.0,0.9295873641967773,0.9280849099159241
-630040576396842267,12945034,2086.52099609375,1.0,0.9377003312110901,0.9338942170143127
627425517979015596,5484924,1407.9200439453125,0.9991987347602844,0.9054487347602844,0.8935296535491943
8316707536779246173,49105546,5184.080078125,1.0,0.9241786599159241,0.9189703464508057
1331171878202327349,49105546,5305.078125,1.0,0.9265825152397156,0.9215745329856873
656756923267671295,5744236,1579.385986328125,1.0,0.9395031929016113,0.9339944124221802
6621587456014906089,6058850,1730.861083984375,1.0,0.9353966116905212,0.9337940812110901
-3095302946017158258,49105546,5255.5009765625,1.0,0.9057492017745972,0.9030448794364929
-985098481291690234,12508170,1962.4189453125,1.0,0.92578125,0.9232772588729858
3406734176104997299,5761019,1590.35302734375,1.0,0.9318910241127014,0.9282852411270142
-8672894632841258387,49105546,5183.2822265625,1.0,0.9324919581413269,0.926682710647583
-799001077929863551,5484924,1415.9580078125,0.9998998641967773,0.9090544581413269,0.9036458134651184
-6996881170223573349,5742560,1554.02099609375,1.0,0.934495210647583,0.9308894276618958
7547410661326136486,49105546,5300.8056640625,1.0,0.9212740659713745,0.9162660241127014
6835538979425152743,3355466,1040.8280029296875,1.0,0.9299879670143127,0.9283854365348816
1503269615718384171,5755750,1578.5250244140625,1.0,0.9360977411270142,0.9353966116905212
7299467063654883415,48231818,4960.82421875,1.0,0.9127604365348816,0.9002403616905212
7379321224355823036,12071306,1819.215087890625,0.9998998641967773,0.9109575152397156,0.9076522588729858
4198746608972751045,12508170,1944.7149658203125,1.0,0.9265825152397156,0.9288862347602844
-3742878504622132841,5755750,1571.3270263671875,1.0,0.9341946840286255,0.9289863705635071
-552591852539389323,49105546,5090.39599609375,1.0,0.9380007982254028,0.9317908883094788
8876240634552343306,48231818,5114.4501953125,0.9997996687889099,0.9162660241127014,0.9073517918586731
5110548624446005097,3355466,1041.5880126953125,1.0,0.9296875,0.9233773946762085
-8602919952102763718,12071306,1775.5369873046875,1.0,0.9140625,0.9065504670143127
-7415616344837732968,48231818,4950.69189453125,0.9998998641967773,0.9108573794364929,0.9055488705635071
4753275044499565038,12945034,2110.623046875,1.0,0.9237780570983887,0.9204727411270142
605981701313102550,12071306,1812.5579833984375,1.0,0.9192708134651184,0.9135617017745972
5597816752572918177,5468787,1412.383056640625,0.9998998641967773,0.9120593070983887,0.9016426205635071
-1302372654147797729,6337892,2687.781982421875,1.0,0.932692289352417,0.9272836446762085
-3360229089659009928,5742560,1549.93798828125,1.0,0.9358974099159241,0.9328926205635071
104571055399293998,47358090,4864.4697265625,0.9997996687889099,0.9054487347602844,0.8955328464508057
-8233573405138719940,12945034,2123.95703125,1.0,0.9307892918586731,0.9292868375778198
6669340928901566956,5758697,1575.759033203125,1.0,0.9319911599159241,0.9309895634651184
-1500913384140093338,6632425,2853.72314453125,1.0,0.9394030570983887,0.9334936141967773
-6925495565318153146,5484924,1405.9609375,0.9961938858032227,0.8894230723381042,0.8821113705635071
2604423797267104396,13381898,2258.30712890625,1.0,0.9421073794364929,0.9408053159713745
1859822894817666307,6354029,2683.011962890625,1.0,0.9338942170143127,0.9288862347602844
-383358363359344680,47358090,4743.97607421875,0.9978966116905212,0.8927283883094788,0.8808093070983887
-5941769462661958333,48231818,5059.5498046875,0.9998998641967773,0.9143629670143127,0.9086538553237915
3881331276223139308,12945034,2107.14208984375,1.0,0.9345953464508057,0.9290865659713745
6030803432144852962,5452650,1391.962890625,1.0,0.9256811141967773,0.9232772588729858
-7770458500977635241,5761019,1567.596923828125,1.0,0.9175680875778198,0.9121594429016113
-3544811441437421797,49105546,5303.35302734375,0.9998998641967773,0.9068509340286255,0.8977363705635071
-7664587863420860862,12945034,2103.697998046875,1.0,0.9409054517745972,0.9368990659713745
-4406810743661915001,6034146,1715.366943359375,1.0,0.9409054517745972,0.9343950152397156
1639439805019870563,5755750,1578.9189453125,1.0,0.9345953464508057,0.9321914911270142
5824379886285940231,12508170,1956.324951171875,1.0,0.9280849099159241,0.921875
5412316699749249173,3137034,936.7349853515625,0.9995993375778198,0.9057492017745972,0.9001402258872986
3449549111681829400,48231818,4956.39599609375,0.9998998641967773,0.9083533883094788,0.8969351053237915
-5929908531468200583,12945034,2940.544921875,1.0,0.9400039911270142,0.9336938858032227
5162259286266379110,6045660,1731.7459716796875,1.0,0.9392027258872986,0.9339944124221802
1338827900721824791,6358652,2682.64306640625,1.0,0.9348958134651184,0.9261819124221802
-3773878161699572397,48231818,5070.697265625,1.0,0.9136618375778198,0.9068509340286255
-5271515248589020261,49105546,5341.6787109375,1.0,0.9190705418586731,0.9126602411270142
1768382086932383076,12508170,1934.10400390625,1.0,0.9303886294364929,0.9234775900840759
-1360334775087041016,49105546,5174.6806640625,1.0,0.9321914911270142,0.928786039352417
-5006089701121628052,49105546,5276.72900390625,1.0,0.9213742017745972,0.9157652258872986
4853996820202110543,6034146,1717.968994140625,1.0,0.9376001358032227,0.930588960647583
-3071937368098010966,12071306,1812.16796875,0.9995993375778198,0.9043469429016113,0.8965344429016113
8936866911459859771,12071306,1786.3790283203125,1.0,0.9289863705635071,0.9241786599159241
234442533329761817,12945034,2882.49609375,1.0,0.9331930875778198,0.9290865659713745
168083962996115426,5761019,1590.3759765625,1.0,0.9285857081413269,0.9258813858032227
7256848565740402671,12508170,1954.944091796875,1.0,0.9224759340286255,0.9236778616905212
-3904720657165088080,12071306,1828.2669677734375,0.9991987347602844,0.9012419581413269,0.8929286599159241
5704355092763370694,49105546,5237.3349609375,1.0,0.9350961446762085,0.9328926205635071
1756602049719902760,5742560,1566.22998046875,0.9998998641967773,0.9324919581413269,0.9268830418586731
7895036675605382937,5754074,1569.6710205078125,1.0,0.9331930875778198,0.9304887652397156
6726497822045348328,5767264,1584.013916015625,1.0,0.9340945482254028,0.9285857081413269
4991196803277386767,12508170,1974.072998046875,0.9997996687889099,0.9159655570983887,0.9056490659713745
-7208873706959317573,5777156,1568.3079833984375,0.9998998641967773,0.9198718070983887,0.913161039352417
-7051319039174105771,49105546,5304.4130859375,1.0,0.9231770634651184,0.9164663553237915
6140111563043502818,12508170,1952.916015625,0.9994992017745972,0.9089543223381042,0.9033453464508057
4985535883659733819,48231818,5126.3701171875,1.0,0.9075520634651184,0.8977363705635071
-8369131032949339278,12071306,1774.8330078125,1.0,0.9147636294364929,0.9109575152397156
-2529620255569012848,12508170,1954.93701171875,1.0,0.9324919581413269,0.9279847741127014
-1805680186431850774,48231818,5128.7060546875,0.9926882982254028,0.8724960088729858,0.8640825152397156
-6182283110737285835,12508170,1972.679931640625,0.9997996687889099,0.9203726053237915,0.9144631624221802
7583511803385626087,12508170,1941.716064453125,1.0,0.9392027258872986,0.9353966116905212
-5628969074327669433,12945034,2110.2451171875,1.0,0.9291867017745972,0.9263821840286255
438440446222848358,13381898,3128.14208984375,1.0,0.9379006624221802,0.9325921535491943
-7222069482779972607,6034146,1675.2099609375,1.0,0.9409054517745972,0.9371995329856873
9176003663505726776,12945034,2102.284912109375,1.0,0.9375,0.9321914911270142
-913739945726934257,48231818,4909.64013671875,0.9998998641967773,0.905348539352417,0.8950320482254028
1451870450161318520,49105546,5151.12109375,0.9996995329856873,0.9030448794364929,0.8952323794364929
3003282137436754553,3137034,923.7039794921875,1.0,0.9195713400840759,0.9158653616905212
9035560418685946018,49105546,5136.2412109375,1.0,0.9412059187889099,0.9363982081413269
-3942179062912694575,12071306,1815.451904296875,0.9980969429016113,0.8921273946762085,0.8860176205635071
-2926780742068222123,5475678,1415.344970703125,0.9998998641967773,0.9205729365348816,0.9118589758872986
1462280057162873764,12508170,1965.678955078125,1.0,0.9260817170143127,0.9199719429016113
-8726020584036122014,12071306,1761.416015625,0.9967948794364929,0.8889222741127014,0.878004789352417
2590416195743070213,12508170,1966.3909912109375,1.0,0.9274839758872986,0.9247796535491943
-8265422212889961135,12945034,2125.614013671875,1.0,0.9422075152397156,0.9378004670143127
8515253027152778401,5744236,1567.833984375,1.0,0.9354968070983887,0.9304887652397156
-5439423189790567582,48231818,5136.3740234375,0.9997996687889099,0.9012419581413269,0.8942307829856873
7147730881470727918,5742560,1532.278076171875,1.0,0.9290865659713745,0.9240785241127014
6430218268043028033,5742560,1564.0,1.0,0.9361979365348816,0.9279847741127014
-7435048723060528081,12945034,2109.2119140625,1.0,0.9388020634651184,0.9353966116905212
-708969064088377677,49105546,5223.0322265625,1.0,0.9067507982254028,0.9022436141967773
-4018738568146719050,12945034,2877.01220703125,1.0,0.9380007982254028,0.9289863705635071
-652656314621493414,49105546,5291.76708984375,1.0,0.9402043223381042,0.9357972741127014
-7808064916323129907,3137034,926.9520263671875,1.0,0.9232772588729858,0.9169671535491943
3773126581333922406,13381898,2233.61279296875,1.0,0.938401460647583,0.9309895634651184
8049080700738792881,5464164,1411.9140625,0.9995993375778198,0.9099559187889099,0.9012419581413269
-4078436415959028746,12508170,1970.6280517578125,1.0,0.9189703464508057,0.9114583134651184
-8755419349188629282,48231818,4958.220703125,1.0,0.9368990659713745,0.9329928159713745
4390972562762735014,12945034,2093.7509765625,1.0,0.932692289352417,0.9347956776618958
-565080345349514932,12508170,1964.9329833984375,0.9996995329856873,0.9088541865348816,0.9030448794364929
-3431642398435794496,12071306,1816.7030029296875,0.9998998641967773,0.9161658883094788,0.9098557829856873
-637721826921504578,5754074,1558.93798828125,1.0,0.9321914911270142,0.9308894276618958
33973707527340082,5480301,1425.781982421875,0.9984976053237915,0.8971354365348816,0.8908253312110901
5971310980183769622,48231818,5123.69921875,1.0,0.9254807829856873,0.9249799847602844
-3057934102662523095,12071306,1785.23095703125,0.9832732081413269,0.8684895634651184,0.8606770634651184
-3380335742561310501,49105546,5293.1337890625,0.9998998641967773,0.928786039352417,0.9292868375778198
6532341658122997105,12508170,1951.22900390625,1.0,0.9299879670143127,0.9272836446762085
3333193052901641675,48231818,4947.94580078125,1.0,0.9180688858032227,0.9158653616905212
7829165974404061641,48231818,5126.2783203125,0.999098539352417,0.8882211446762085,0.8818109035491943
-1623601002317472959,12945034,2098.39990234375,1.0,0.9172676205635071,0.9157652258872986
-2458222052892967815,12508170,1945.511962890625,1.0,0.9206730723381042,0.9182692170143127
678510231230533453,49105546,5225.7431640625,1.0,0.9205729365348816,0.9155648946762085
-2699878385719444584,12071306,1814.5150146484375,0.9995993375778198,0.9069511294364929,0.9018429517745972
2074413199814173369,13381898,3113.60205078125,1.0,0.9368990659713745,0.9311898946762085
8979785324277724705,6326378,2683.721923828125,1.0,0.9359976053237915,0.9265825152397156
-1838300887911897012,12508170,1939.2529296875,0.9995993375778198,0.9027444124221802,0.89453125
561016758565145547,12508170,1959.458984375,1.0,0.9289863705635071,0.9260817170143127
-400906843027562881,12508170,1967.280029296875,1.0,0.9375,0.938401460647583
9134089937280038991,12945034,2098.51513671875,1.0,0.9368990659713745,0.9337940812110901
3484617313744341082,13381898,2238.5908203125,1.0,0.9430088400840759,0.9375
-4131645750926540043,12071306,1780.64404296875,1.0,0.9127604365348816,0.9088541865348816
1103247597742654973,12071306,1792.9610595703125,1.0,0.9251803159713745,0.9230769276618958
4878425710371252928,12508170,1957.89794921875,1.0,0.9396033883094788,0.9373998641967773
7181852417770534411,49105546,5251.85009765625,1.0,0.9380007982254028,0.9338942170143127
-3847290550841149316,49105546,5099.1728515625,1.0,0.9435096383094788,0.9362980723381042
6251944983222888148,48231818,4881.1650390625,0.9998998641967773,0.9107571840286255,0.9115585088729858
-7924796676202846752,12945034,2095.115966796875,1.0,0.9386017918586731,0.9294871687889099
-235677413160079178,5776510,1584.60400390625,1.0,0.9273838400840759,0.9221754670143127
3761705643530394911,12945034,2899.7939453125,1.0,0.9442107081413269,0.9370993375778198
-4037780147951102111,5464164,1404.860107421875,0.9995993375778198,0.9082531929016113,0.8984375
626460669057138231,13381898,3116.2041015625,1.0,0.9396033883094788,0.9350961446762085
3138146824564657906,12508170,1970.404052734375,1.0,0.9265825152397156,0.9255809187889099
64859875135386095,12945034,2111.16796875,1.0,0.938401460647583,0.9342948794364929
321180568083584513,5767264,1550.375,1.0,0.9311898946762085,0.9285857081413269
8730346795366673323,49105546,5223.5966796875,1.0,0.9270833134651184,0.9230769276618958
-7648451928201593395,12508170,1965.3719482421875,1.0,0.9361979365348816,0.9345953464508057
-8257650727894517192,12071306,1800.35205078125,1.0,0.9315905570983887,0.9282852411270142
-6521975363155373562,5480301,1425.905029296875,1.0,0.9114583134651184,0.9054487347602844
-7630525386929185447,48231818,4904.451171875,0.9998998641967773,0.9098557829856873,0.9039463400840759
-3877715057688663416,12508170,1969.70703125,1.0,0.9258813858032227,0.9220753312110901
-792551468628013345,48231818,5096.2939453125,1.0,0.9203726053237915,0.9186698794364929
-8859846830800750698,5777156,1583.68408203125,0.9997996687889099,0.9203726053237915,0.9122596383094788
